27939983
27730026
27639925
27760570
27979556
27016331
27825964
27640556
27697370
27593876
27628769
27442702
27422078
27914986
27834550
27275679
27339495
27510992
27622803
27299228
27417624
27042278
27629274
27093604
27390122
27745602
27860254
27502756
27009251
27873417
27659272
27366960
27511683
27088836
27578256
27760074
27441043
27285430
27069486
27859857
27068663
27113987
27370945
27378998
27634846
27701320
27511220
27271276
27940805
27888891
27335966
27896522
27130333
27595770
27870115
27421097
27806296
27885901
27663855
27947156
27816880
27329687
27938979
27177540
27246734
27485651
27951387
27123873
27775380
27504610
27066307
27991345
27897206
27266621
27890316
27002453
27736603
27024591
27881993
27674221
27204841
27681675
27828855
27746582
27928756
27474946
27360552
27320933
27436463
27296854
27033604
27198539
27427723
27134678
27831234
27576501
27577365
27814334
27978935
27519974
27508664
27201045
27859004
27414172
27266928
27465133
27895499
27004153
27018626
27243909
27770091
27492824
27530191
27198732
27093892
27560418
27673893
27058346
27446525
27416375
27135824
27198410
27778223
27999576
27265841
27795990
27883748
27481450
27541381
27040921
27388607
27361964
27044033
27011619
27413575
27288716
27610506
27618448
27925668
27081984
27422260
27123787
27687763
27311272
27084131
27280716
27648489
27549666
27629612
27378472
27332175
27067104
27185121
27334552
27871356
27888374
27718086
27605400
27519790
27856693
27227410
27217629
27140949
27183921
27012321
27157341
27230542
27662278
27924668
27412337
27016022
27857972
27026984
27402625
27898595
27081799
27191539
27632509
27089811
27669760
27965341
27719460
27550376
27039882
27170317
27550559
27452026
27514851
27957328
27203716
27517362
27861351
27841914
27300866
27598850
27010216
27501714
27251192
27377788
27435075
27527929
27367231
27624128
27542634
27388737
27371047
27003538
27408362
27302527
27842741
27184233
27674732
27523350
27984317
27004751
27268296
27966417
27807417
27342555
27156024
27263446
27261201
27523050
27668473
27540287
27533193
27473388
27438849
27231310
27672444
27447887
27942470
27125168
27964327
27323799
27160987
27382417
27211917
27317692
27156283
27850498
27321646
27250269
27596256
27176764
27446284
27241839
27446352
27132665
27193438
27158375
27701228
27645833
27513122
27327219
27673589
27083678
27816736
27092030
27265947
27999501
27018507
27575458
27592962
27002106
27858299
27489424
27868213
27041283
27828340
27582357
27925170
27407644
27558594
27525205
27283874
27470539
27833155
27995607
27362508
27656906
27033229
27360169
27434142
27253863
27207187
27560374
27815131
27202039
27829591
27571003
27949761
27061433
27564969
27263899
27528211
27163542
27969859
27539869
27249037
27560918
27955676
27537454
27721983
27356275
27415483
27922362
27693516
27341647
27838648
27139578
27239170
27355936
27464807
27826842
27946062
27942183
27720572
27812115
27322872
27398318
27669287
27362454
27537781
27618412
27332943
27401881
27454091
27768833
27509849
27504781
27901491
27976937
27394409
27656909
27863392
27438083
27807095
27946536
27357495
27356269
27720561
27307391
27032640
27389988
27917686
27255426
27292296
27920063
27031175
27112265
27986594
27879400
27196175
27477989
27486499
27169263
27488656
27434376
27913820
27524109
27450644
27588588
27580835
27203572
27735048
27583637
27874657
27254247
27061896
27977813
27595501
27667986
27353559
27483490
27807903
27197969
27879788
27567065
27901526
27057852
27855033
27912901
27683693
27480257
27838737
27993546
27920276
27807478
27024119
27562920
27157707
27892545
27127492
27341851
27774544
27165542
27417252
27420474
27282241
27204196
27250391
27964735
27156240
27469248
27727480
27924104
27593643
27040205
27547059
27657243
27857254
27133760
27668188
27979087
27301086
27638969
27891027
27022339
27922494
27259351
27128212
27026446
27671863
27993785
27824631
27467585
27802996
27441559
27102468
27800714
27714058
27597928
27057174
27244994
27253899
27525563
27874953
27992742
27964228
27286772
27219256
27386287
27719679
27776413
27036602
27759719
27277358
27576342
27530252
27502083
27594811
27316719
27423806
27031714
27541620
27018410
27192826
27107170
27341340
27325938
27361884
27675587
27954758
27263948
27700135
27436388
27468462
27062381
27650676
27610516
27406808
27310728
27070847
27348312
27811036
27111864
27868851
27825977
27123242
27739253
27370402
27252506
27717475
27046466
27517522
27496653
27622182
27611955
27869064
27962709
27949131
27987761
27155573
27098871
27496147
27553138
27109848
27697938
27388957