3623 3087
3569 3415
3901 3275
3975 3213
3811 3165
3630 2902
3775 3416
3949 2760
3578 2925
3876 2725
3973 3078
3595 2871
3833 3160
3732 2777
3684 2894
3686 3437
3981 2824
3571 2549
3733 2695
3937 2693
3762 3342
3932 3025
3923 2946
3909 2577
3817 3148
3628 3167
3880 3490
3633 3173
3846 3375
3782 2909
3507 3427
3553 3005
3997 3414
3654 3448
3622 3137
3832 3253
3952 3225
3665 3231
3878 3104
3905 3298
3719 3114
3660 2771
3793 2826
3928 2554
3712 3001
3931 2920
3900 2784
3922 2692
3773 2821
3716 2906
3877 3256
3840 2816
3791 3303
3643 3384
3577 3313
3968 2781
3774 3434
3895 3101
3564 2960
3757 2914
3521 2748
4000 3190
3771 3457
10 10
3825 2712
3946 2721
3510 2804
3587 3045
3843 2546
3779 2743
3838 2764
3839 3290
3642 3465
3844 3089
3875 2678
3598 2501
3663 2815
3618 3106
3631 2521
3710 3292
3815 2703
3573 3057
7198 3600
3807 3029
3653 3054
3924 2508
3519 2519
3632 2570
3752 2655
3667 2722
3676 2848
3781 2555
3859 2856
3599 3131
3615 3423
3584 3430
3772 3363
3668 3361
3848 2654
3898 3055
3721 2522
3523 3472
3741 2869
3826 3469
3919 3385
3941 2688
3649 3100
3935 3030
3718 3142
3857 3391
3674 2842
3906 2704
3755 2744
3701 2857
3657 3287
3700 3702
3588 3019
3860 3294
3737 2829
3934 2589
3671 3183
3828 3168
3820 3109
3785 3325
3693 3245
3795 2757
3707 2586
3687 2912
3871 3334
3616 3074
3758 3343
3953 2881
3606 2997
3796 3076
3537 2668
3652 3264
3704 3012
3966 3049
3851 2528
3956 3125
3790 2566
3694 2729
3903 3007
3739 2945
3950 3408
3765 2991
3656 2959
3759 2983
3865 3039
3550 2629
3538 2964
3562 3286
3513 3113
3827 2877
3970 2503
3637 3295
3837 2899
3736 3493
3867 3216
3525 2766
3999 3464
3557 2943
3629 2798
3872 3171
3703 2782
3976 1989
3985 3500
3957 3153
3554 3215
3767 3229
3926 3176
3580 2845
3512 3398
3522 2888
3539 3135
3917 2562
3546 2851
3604 2961
3666 2901
3534 2862
3675 3439
3677 3015
3810 2626
3948 2664
3861 2982
3611 2609
3576 2537
3635 3263
3971 2616
3583 2573
3714 2999
3768 2879
3891 3488
3509 2841
3943 2674
3802 2641
3823 3282
3852 3340
3889 2648
3655 3138
3610 2585
3792 3140
3556 2633
3746 2830
3869 3002
3636 2768
3515 3382
3567 2662
3996 2904
3730 2527
3605 3151
3640 3369
3913 3344
3916 2538
3995 2846
3689 2665
3670 3118
3561 2783
3766 2643
3745 2936
3558 3279
3799 2650
3983 3381
3890 3360
3992 2761
3680 2542
3726 2578
3830 2571
3722 2915
3929 2989
3887 2966
3804 3184
3994 2531
3806 2758
3920 3401
3991 3339
3691 3312
3835 3486
3864 2785
3658 2886
3886 3299
3951 2776
3639 3139
3511 2828
3526 3235
3753 2560
3547 3026
3533 3280
3963 2942
3731 2737
3698 2696
3621 3260
3709 3127
3962 2822
3536 2601
3794 2996
3967 3431
3769 2738
3700 3700
7200 3601
3664 2900
3532 2969
3834 2526
3530 2694
3531 3031
3659 3436
3760 2972
3706 3357
3555 3269
3683 3445
3612 2511
3904 2930
3776 3354
3936 3068
3688 3335
3789 2739
3974 3073
3930 2590
3761 3374
3786 2568
3748 2916
3939 2807
3955 3274
3725 2940
3836 2780
3735 2860
3853 2679
3742 3083
3921 3495
3528 2582
3858 2789
3517 3179
3503 2921
3961 3072
3894 3090
3829 2825
3508 3027
3868 2872
3959 2853
3596 2802
3705 3208
3669 3378
3882 3079
3690 3122
3855 2644
3884 2808
3942 3336
3847 2645
3945 3209
3549 3169
3626 2603
3978 3443
3501 2646
3969 2520
3910 2500
3715 2597
3516 2978
3609 3483
3863 2701
3797 3096
3504 3353
3593 3238
3881 3441
3980 3211
3678 2847
3544 2827
3809 2952
3756 3234
3729 3389
3502 2604
3625 2635
3696 2867
3822 3315
3560 2927
3542 2786
3603 3331
3575 3372
3893 2955
3818 3324
3700 3701
3750 3454
3982 3392
3682 3307
3784 2605
3841 3453
3597 3041
3743 2968
3965 3237
3850 3067
3527 2606
3984 2579
3798 2714
3976 3035
3778 3327
3589 2705
3821 3473
3620 2731
3543 3177
3787 2709
3933 2719
3617 3285
3723 3058
3940 2788
3570 2803
3954 3061
3708 2677
3586 2836
3808 2793
3754 2736
3873 3405
3803 2584
3977 2517
3565 3147
3862 2994
3998 3246
3989 3038
3624 3117
3888 3181
3819 2723
3551 2733
3619 2564
3958 2839
3568 2992
3724 2534
3548 2685
3607 2928
3770 3239
3662 3302
3824 2591
3801 3119
3699 3056
3524 2962
3644 2516
3572 3059
3964 3018
3908 3485
3614 3498
3574 3236
3601 3474
3650 2617
3641 2510
3764 3387
3979 2569
3899 2530
3870 3040
3541 3220
3812 3251
3897 2903
3911 3134
3988 3283
3648 2794
3800 3271
3651 2769
3751 3309
3692 3345
3518 3022
3685 2724
3711 2958
3540 2917
3592 3482
3902 3155
3634 2628
3581 3451
3734 3188
3866 3214
3700 3124
3720 3404
3842 3332
3892 3459
3590 3349
3679 2893
3673 3091
3514 2625
3912 2550
3788 3162
3854 3386
3552 2700
3505 3206
3740 3397
3602 3250
3874 2563
3986 2686
7202 3602
3520 2507
3885 2751
3529 2941
3713 2947
3947 2689
3744 3116
3563 3192
3579 3172
3763 2873
3717 3189
3646 3310
3831 2581
3591 3319
3915 3311
3582 2732
3647 3433
3990 2800
3816 2681
3728 2614
3814 2727
3960 3017
3661 3323
3856 3003
3972 2929
3907 2980
3918 3033
3927 2634
3993 2855
3987 2622
3585 2750
3600 3428
3747 3154
3849 3103
3813 3043
3845 3060
3566 3383
3805 3429
3883 3330
3777 2759
3594 2642
3695 3075
3914 2852
3727 2883
3645 2762
3702 2592
3938 3281
3535 2718
3613 3297
3638 3424
3780 3144
3697 2746
3925 2973
3896 3296
3783 3300
3559 3069
3627 2863
3506 3065
3545 2895
3879 3305