1001 1001 1007 1003
1009 1003 1001 1006
1003 1007 1007 1007
1004 1003 3829 1005
1003 1004 1006 1005
1001 5786 1005 1001
1008 1008 9800 8689
1008 1003 1005 1002
1004 1006 1008 1005
1005 1009 1000 1008
1001 5218 1007 1008
1009 1003 6615 1000
1001 1008 1000 1009
1001 1005 1001 1005
1002 4616 1000 1002
1002 1000 1004 1002
1005 1006 1007 1007
1002 1009 1006 1005
1005 1007 1005 1004
1002 1007 1006 1001
1002 1009 1007 1002
1009 4669 1006 1001
1002 1003 1000 1008
1009 1001 8644 1001
1002 1006 3002 1006
1001 1004 1000 1008
1009 1004 1000 9290
1005 1003 1007 9000
1007 1009 1008 1002
1005 1005 1004 6889
1006 1004 1002 1006
1004 1001 1004 1004
1000 1004 1005 1002
1007 1003 1004 1003
1003 1005 1001 1003
1006 1008 1005 1001
1003 1002 1000 1002
1000 1007 1007 5215
1009 1004 1001 1009
1007 1009 1003 1009
4913 1000 1006 1002
8166 1007 1007 1006
1002 1000 1007 1006
1000 1008 1004 9130
1003 1009 1007 1002
1002 1001 1008 1007
1004 1006 1001 9424
1002 1000 8615 1004
1004 1000 1003 3033
1002 1006 1009 1000