47 26 58 87
69 91 46 16
41 83 73 75
35 44 48 45
65 78 39 33
78 58 14 88
79 18 57 97
33 10 41 63
67 98 38 95
22 80 81 41
36 43 38 34
93 81 49 24
16 32 38 29
48 89 59 18
70 80 88 14
76 37 26 36
90 17 18 74
53 70 46 96
44 89 47 33
18 17 70 58
27 95 64 64
21 64 45 23
40 10 30 37
15 28 86 57
73 14 50 54
52 97 99 11
71 19 24 38
19 68 50 89
40 50 67 73
66 92 96 31
71 41 45 49
26 75 39 97
82 11 90 42
58 30 84 24
27 62 25 44
25 76 85 74
77 87 67 36
99 32 12 82
83 55 38 13
32 88 23 82
40 94 72 23
29 70 56 79
85 16 87 92
61 36 93 96
28 52 94 86
20 19 83 84
63 13 21 31
51 39 90 21
55 68 47 54
71 60 97 17
48 80 74 39
11 83 60 22
98 40 17 40
27 54 37 21
27 43 30 25
26 63 72 93
94 94 30 31
92 43 45 51
61 13 75 99
65 15 37 46
34 43 92 93
80 68 25 35
89 28 59 36
22 34 53 82
35 81 62 19
20 25 16 20
15 68 77 27
88 30 64 79
29 14 78 98
12 51 95 35
66 45 60 59
55 14 65 65
79 91 55 57
46 35 53 69
42 56 41 87
31 98 49 24
52 29 54 72
28 91 96 18
73 39 90 17
20 15 13 77
85 53 69 50
76 34 86 44
59 21 63 29
16 69 26 11
57 72 13 23
78 42 66 62
10 11 51 22
22 44 15 19
12 74 91 43
46 33 67 71
42 24 42 61
56 95 23 10
12 32 20 33
99 81 77 60
48 28 84 12
34 84 62 86
32 85 75 66
56 31 37 61
76 52 47 49