3875
6532
7921
2969
8072
5225
8915
2584
4788
8369
7021
9259
3889
4175
7330
1898
7551
5167
6610
5247
7324
8183
9159
2411
9220
7554
3850
5760
5439
4577
3629
7717
9555
2933
7647
7683
4038
5992
5653
2781
5501
9282
2164
8874
8720
9385
5301
6899
4085
1680
2126
7196
7827
8745
5015
8431
3583
3186
5422
8781
6317
6905
2881
8934
4533
4552
1614
9420
1239
6490
6294
5640
1246
4285
8131
8419
7992
8630
1971
1647
5614
4506
5590
7179
1697
3181
2652
8446
2917
1337
6444
5256
5509
7476
7157
9083
1448
5474
2745
1881
6843
2735
7788
6229
6125
4847
7593
5014
6089
5542
8486
3178
2503
3165
3682
7184
8523
3244
7317
1569
1340
9544
8336
3004
9038
3925
7320
4918
5898
8666
9609
6544
3639
9280
8859
6651
4518
8767
3651
2591
3985
7596
3943
8149
8362
1188
4462
6409
1111
7603
2178
2664
8422
1131
6474
5002
7337
8923
3005
7473
1679
6458
8258
5622
6138
7797
9075
3611
8180
2204
4761
2079
9899
1174
6481
3512
6367
2601
2306
9249
1278
9377
7724
8169
9315
1411
3354
6225
7315
5664
3894
5362
9051
7913
4097
5942
8475
5465
9382
6612