140582
165448
157216
112359
131948
162660
180309
158267
153017
153869
135514
180787
129877
113999
139646
187557
185334
194666
147704
109060
194520
134311
187483
173310
189991
123141
126010
159351
183707
174728
167160
173532
106647
163356
153961
177177
104195
164542
194967
191042
189378
193817
170656
121664
175636
192708
128141
159410
187877
147934
125652
171859
160483
115337
112395
166142
160009
148060
127131
194021
167453
129850
113522
138127
117301
127618
133215
129772
180350
126078
115974
137259
143482
197621
140548
119488
158250
142851
158259
116765
197253
113211
182316
173315
131222
126680
136122
166371
141864
154834
152899
118069
177647
181889
129045
189168
124436
154251
182129
110969